date,close,change,volume,open,high,low
2017-03-06,30.60,0.00 (0.00 %),2300,30.6,30.60,30.60
2017-03-07,30.60,0.00 (0.00 %),0,30.60,30.60,30.60
2017-03-08,30.60,0.00 (0.00 %),700,30.6,30.60,30.60
2017-03-09,30.60,0.00 (0.00 %),0,30.60,30.60,30.60
2017-03-10,30.60,0.00 (0.00 %),6010,30.6,30.70,30.60
2017-03-13,30.50,-0.10 (-0.33 %),7100,30.50,30.60,30.20
2017-03-14,30.60,0.10 (0.33 %),29930,30.0,31.70,30.00
2017-03-15,30.70,0.10 (0.33 %),3010,30.60,30.70,30.60
2017-03-16,30.80,0.10 (0.33 %),3060,30.7,30.80,30.70
2017-03-17,31.50,0.70 (2.27 %),20600,31.00,32.10,30.80
2017-03-20,31.90,0.40 (1.27 %),700,31.5,31.90,31.50
2017-03-21,32.50,0.60 (1.88 %),14820,32.50,32.50,32.00
2017-03-22,31.40,-1.10 (-3.38 %),2225,31.7,31.70,31.40
2017-03-23,32.50,1.10 (3.50 %),26405,31.90,32.50,31.90
2017-03-24,32.80,0.30 (0.92 %),13010,32.8,33.60,32.80
2017-03-27,33.10,0.30 (0.91 %),2400,33.90,33.90,33.10
2017-03-28,32.00,-1.10 (-3.32 %),4900,32.5,32.50,32.00
2017-03-29,33.00,1.00 (3.13 %),18805,33.90,33.90,32.10
2017-03-30,31.50,-1.50 (-4.55 %),3300,31.5,31.60,31.50
2017-03-31,32.80,1.30 (4.13 %),100,32.80,32.80,32.80
2017-04-03,32.00,-0.80 (-2.44 %),1401,32.0,32.00,32.00
2017-04-04,32.00,0.00 (0.00 %),0,32.00,32.00,32.00
2017-04-05,32.00,0.00 (0.00 %),0,32.0,32.00,32.00
2017-04-07,31.00,-1.00 (-3.13 %),3100,32.00,32.00,31.00
2017-04-10,31.00,0.00 (0.00 %),2200,32.8,32.80,31.00
2017-04-11,31.00,0.00 (0.00 %),9800,31.00,31.00,31.00
2017-04-12,31.00,0.00 (0.00 %),5100,31.0,31.00,30.60
2017-04-13,31.00,0.00 (0.00 %),0,31.00,31.00,31.00
2017-04-14,31.30,0.30 (0.97 %),1400,30.0,31.40,30.00
2017-04-17,30.50,-0.80 (-2.56 %),5500,31.00,31.50,30.50
2017-04-18,30.50,0.00 (0.00 %),0,30.5,30.50,30.50
2017-04-19,31.00,0.50 (1.64 %),3500,31.20,31.20,31.00
2017-04-20,31.10,0.10 (0.32 %),6600,31.1,31.20,31.10
2017-04-21,30.60,-0.50 (-1.61 %),6100,31.00,31.00,30.60
2017-04-24,32.70,2.10 (6.86 %),57400,31.5,32.80,31.50
2017-04-25,32.00,-0.70 (-2.14 %),9810,32.00,32.70,31.20
2017-04-26,32.00,0.00 (0.00 %),33900,32.0,33.00,28.90
2017-04-27,32.70,0.70 (2.19 %),2200,31.80,32.70,31.70
2017-04-28,31.20,-1.50 (-4.59 %),410,31.2,31.20,31.20
2017-05-03,31.00,-0.20 (-0.64 %),1700,31.30,33.00,30.60
2017-05-04,31.10,0.10 (0.32 %),4220,31.0,31.70,31.00
2017-05-05,31.00,-0.10 (-0.32 %),3310,31.10,31.10,31.00
2017-05-08,31.00,0.00 (0.00 %),0,31.0,31.00,31.00
2017-05-09,30.00,-1.00 (-3.23 %),3300,30.10,30.10,30.00
2017-05-10,30.00,0.00 (0.00 %),1,30.0,30.00,30.00
2017-05-11,31.60,1.60 (5.33 %),4200,31.40,31.60,31.40
2017-05-12,31.60,0.00 (0.00 %),0,31.6,31.60,31.60
2017-05-15,31.60,0.00 (0.00 %),10,31.60,31.60,31.60
2017-05-16,31.00,-0.60 (-1.90 %),5500,31.0,31.00,30.60
2017-05-17,31.00,0.00 (0.00 %),8800,30.30,31.00,30.10
2017-05-18,30.30,-0.70 (-2.26 %),8200,31.0,31.00,30.30
2017-05-19,30.00,-0.30 (-0.99 %),30100,30.20,30.20,30.00
2017-05-22,29.60,-0.40 (-1.33 %),6300,30.0,30.00,29.60
2017-05-23,29.70,0.10 (0.34 %),5200,30.00,30.00,29.70
2017-05-24,29.70,0.00 (0.00 %),5400,29.7,29.70,29.60
2017-05-25,30.80,1.10 (3.70 %),1410,28.60,30.80,28.50
2017-05-26,30.40,0.00 (0.00 %),0,30.4,30.40,30.40
2017-05-29,29.40,-1.00 (-3.29 %),1500,30.30,30.30,29.40
2017-05-30,29.40,0.00 (0.00 %),1500,29.3,29.40,29.30
2017-05-31,29.40,0.00 (0.00 %),600,29.20,29.40,29.20
2017-06-01,29.40,0.00 (0.00 %),2300,29.6,29.60,29.40
2017-06-02,29.40,0.00 (0.00 %),0,29.40,29.40,29.40
2017-06-05,29.60,0.20 (0.68 %),100,29.6,29.60,29.60
2017-06-06,30.00,0.40 (1.35 %),4000,29.40,30.00,29.40
2017-06-07,30.00,0.00 (0.00 %),9000,30.0,30.00,30.00
2017-06-08,29.60,-0.40 (-1.33 %),3420,29.80,29.80,29.60
2017-06-09,29.60,0.00 (0.00 %),0,29.6,29.60,29.60
2017-06-12,29.60,0.00 (0.00 %),0,29.60,29.60,29.60
2017-06-13,29.60,0.00 (0.00 %),0,29.6,29.60,29.60
2017-06-14,29.60,0.00 (0.00 %),0,29.60,29.60,29.60
2017-06-15,29.60,0.00 (0.00 %),0,29.6,29.60,29.60
2017-06-16,29.60,0.00 (0.00 %),0,29.60,29.60,29.60
2017-06-19,30.00,0.40 (1.35 %),2000,30.0,30.00,30.00
2017-06-20,30.00,0.00 (0.00 %),40,30.00,30.00,30.00
2017-06-21,30.00,0.00 (0.00 %),0,30.0,30.00,30.00
2017-06-22,29.50,-0.50 (-1.67 %),4000,29.50,29.50,29.50
2017-06-23,29.50,0.00 (0.00 %),10,29.5,29.50,29.50
2017-06-26,30.00,0.50 (1.69 %),3700,30.00,30.00,30.00
2017-06-27,29.10,-0.90 (-3.00 %),2100,29.2,29.20,29.10
2017-06-28,30.30,1.20 (4.12 %),210,30.60,30.60,30.30
2017-06-29,30.20,-0.10 (-0.33 %),6600,30.3,30.30,30.20
2017-06-30,30.20,0.00 (0.00 %),0,30.20,30.20,30.20
2017-07-03,30.00,-0.20 (-0.66 %),6700,30.5,30.50,30.00
2017-07-04,30.00,0.00 (0.00 %),0,30.00,30.00,30.00
2017-07-05,29.30,-0.70 (-2.33 %),500,29.3,29.30,29.30
2017-07-06,29.70,0.40 (1.37 %),500,29.70,29.70,29.70
2017-07-07,30.00,0.30 (1.01 %),3730,29.9,30.00,29.80
2017-07-10,30.00,0.00 (0.00 %),5300,30.00,30.00,30.00
2017-07-11,30.00,0.00 (0.00 %),0,30.0,30.00,30.00
2017-07-12,30.00,0.00 (0.00 %),0,30.00,30.00,30.00
2017-07-13,29.60,-0.40 (-1.33 %),100,29.6,29.60,29.60
2017-07-14,29.60,0.00 (0.00 %),0,29.60,29.60,29.60
2017-07-17,29.70,0.10 (0.34 %),1000,29.7,29.70,29.70
2017-07-18,29.40,-0.30 (-1.01 %),2302,29.40,29.40,29.40
2017-07-19,29.40,0.00 (0.00 %),400,29.4,29.40,29.40
2017-07-20,29.40,0.00 (0.00 %),0,29.40,29.40,29.40
2017-07-21,29.40,0.00 (0.00 %),100,29.4,29.40,29.40
2017-07-24,29.00,-0.40 (-1.36 %),2602,29.60,29.60,29.00
2017-07-25,29.10,0.10 (0.34 %),800,29.1,29.10,29.10
2017-07-26,29.10,0.00 (0.00 %),0,29.10,29.10,29.10
2017-07-27,29.20,0.10 (0.34 %),5100,29.2,29.20,29.10
2017-07-28,29.20,0.00 (0.00 %),0,29.20,29.20,29.20
2017-07-31,29.20,0.00 (0.00 %),0,29.2,29.20,29.20
2017-08-01,29.20,0.00 (0.00 %),0,29.20,29.20,29.20
2017-08-02,29.20,0.00 (0.00 %),0,29.2,29.20,29.20
2017-08-03,29.20,0.00 (0.00 %),0,29.20,29.20,29.20
2017-08-04,29.20,0.00 (0.00 %),0,29.2,29.20,29.20
2017-08-07,29.20,0.00 (0.00 %),910,29.20,29.20,29.20
2017-08-08,29.00,-0.20 (-0.68 %),220,29.0,29.00,29.00
2017-08-09,29.00,0.00 (0.00 %),0,29.00,29.00,29.00
2017-08-10,29.00,0.00 (0.00 %),0,29.0,29.00,29.00
2017-08-11,30.50,1.50 (5.17 %),10800,31.50,31.50,30.40
2017-08-14,31.70,1.20 (3.93 %),10600,31.0,31.80,30.10
2017-08-15,31.50,-0.20 (-0.63 %),4900,31.60,31.60,31.50
2017-08-16,31.50,0.00 (0.00 %),5520,31.5,31.50,31.50
2017-08-17,31.50,0.00 (0.00 %),7500,31.50,31.50,31.30
2017-08-18,31.00,-0.50 (-1.59 %),10100,31.5,31.50,31.00
2017-08-21,30.00,-1.00 (-3.23 %),8400,31.00,31.50,30.00
2017-08-22,31.00,1.00 (3.33 %),9900,30.5,31.00,30.50
2017-08-23,30.60,-0.40 (-1.29 %),600,30.60,30.60,30.60
2017-08-24,30.60,0.00 (0.00 %),10100,30.5,31.70,30.50
2017-08-25,31.00,0.40 (1.31 %),3100,30.60,31.00,30.60
2017-08-28,31.60,1.10 (3.61 %),6000,31.0,31.60,31.00
2017-08-29,31.00,-0.60 (-1.90 %),16600,31.50,31.50,31.00
2017-08-30,30.50,-0.50 (-1.61 %),100,30.5,30.50,30.50
2017-08-31,31.00,0.50 (1.64 %),5900,31.00,31.00,31.00
2017-09-01,31.00,0.00 (0.00 %),7000,31.0,31.00,31.00
2017-09-05,31.00,0.00 (0.00 %),0,31.00,31.00,31.00
2017-09-06,31.00,0.00 (0.00 %),0,31.0,31.00,31.00
2017-09-07,31.00,0.00 (0.00 %),0,31.00,31.00,31.00
2017-09-08,30.00,-1.00 (-3.23 %),600,30.0,30.00,30.00
2017-09-11,30.00,0.00 (0.00 %),500,30.00,30.00,30.00
2017-09-12,30.00,0.00 (0.00 %),600,30.0,30.00,30.00
2017-09-13,30.00,0.00 (0.00 %),0,30.00,30.00,30.00
2017-09-14,30.00,0.00 (0.00 %),0,30.0,30.00,30.00
2017-09-15,30.00,0.00 (0.00 %),100,30.00,30.00,30.00
2017-09-18,30.00,0.00 (0.00 %),200,30.0,30.00,30.00
2017-09-19,30.00,0.00 (0.00 %),0,30.00,30.00,30.00
2017-09-20,30.60,0.60 (2.00 %),3200,30.6,30.60,30.60
2017-09-21,31.20,0.60 (1.96 %),4300,31.00,31.20,31.00
2017-09-22,30.60,-0.60 (-1.92 %),9100,31.2,31.50,30.60
2017-09-25,31.00,0.40 (1.31 %),6000,31.00,31.40,31.00
2017-09-26,31.00,0.00 (0.00 %),3500,31.4,31.50,31.00
2017-09-27,31.00,0.00 (0.00 %),2500,31.20,31.20,31.00
2017-09-28,31.00,0.00 (0.00 %),0,31.0,31.00,31.00
2017-09-29,31.00,0.00 (0.00 %),0,31.00,31.00,31.00
2017-10-02,31.50,0.50 (1.61 %),3400,31.4,31.50,31.40
2017-10-03,31.00,-0.50 (-1.59 %),1000,31.00,31.00,31.00
2017-10-04,31.50,0.50 (1.61 %),500,31.5,31.50,31.50
2017-10-05,31.50,0.00 (0.00 %),1800,31.50,31.50,31.50
2017-10-06,31.50,0.00 (0.00 %),0,31.5,31.50,31.50
2017-10-09,31.50,0.00 (0.00 %),0,31.50,31.50,31.50
2017-10-10,31.00,-0.50 (-1.59 %),1000,31.0,31.00,31.00
2017-10-11,30.50,-0.50 (-1.61 %),1000,30.50,30.50,30.50
2017-10-12,30.50,0.00 (0.00 %),0,30.5,30.50,30.50
2017-10-13,31.00,0.50 (1.64 %),300,31.00,31.00,31.00
2017-10-16,31.00,0.00 (0.00 %),800,31.0,31.00,31.00
2017-10-17,31.50,0.50 (1.61 %),100,31.50,31.50,31.50
2017-10-18,31.50,0.00 (0.00 %),0,31.5,31.50,31.50
2017-10-19,30.50,-1.00 (-3.17 %),1200,30.60,30.60,30.50
2017-10-20,30.00,-0.50 (-1.64 %),3600,31.5,31.50,30.00
2017-10-23,30.00,0.00 (0.00 %),0,30.00,30.00,30.00
2017-10-24,30.00,0.00 (0.00 %),100,30.0,30.00,30.00
2017-10-25,32.50,2.50 (8.33 %),2040,31.80,32.50,31.80
2017-10-26,30.60,-1.90 (-5.85 %),100,30.6,30.60,30.60
2017-10-27,30.50,-0.10 (-0.33 %),1700,29.90,30.50,29.00
2017-10-30,30.50,0.00 (0.00 %),0,30.5,30.50,30.50
2017-10-31,30.00,-0.50 (-1.64 %),500,30.00,30.00,30.00
2017-11-01,30.00,0.00 (0.00 %),0,30.0,30.00,30.00
2017-11-02,29.50,-0.50 (-1.67 %),1300,29.60,29.60,29.50
2017-11-03,29.50,0.00 (0.00 %),0,29.5,29.50,29.50
2017-11-06,28.10,-1.40 (-4.75 %),2500,29.00,29.00,28.00
2017-11-07,28.00,-0.10 (-0.36 %),1000,28.0,28.00,28.00
2017-11-08,28.00,0.00 (0.00 %),0,28.00,28.00,28.00
2017-11-09,28.50,0.50 (1.79 %),100,28.5,28.50,28.50
2017-11-10,29.00,0.50 (1.75 %),8800,29.00,29.00,29.00
2017-11-13,29.20,0.20 (0.69 %),3900,29.2,29.20,29.20
2017-11-14,29.20,0.00 (0.00 %),0,29.20,29.20,29.20
2017-11-15,29.20,0.00 (0.00 %),0,29.2,29.20,29.20
2017-11-16,29.20,0.00 (0.00 %),0,29.20,29.20,29.20
2017-11-17,29.20,0.00 (0.00 %),100,29.2,29.20,29.20
2017-11-20,29.20,0.00 (0.00 %),0,29.20,29.20,29.20
2017-11-21,28.00,-1.20 (-4.11 %),200,28.0,28.00,28.00
2017-11-22,28.00,0.00 (0.00 %),0,28.00,28.00,28.00
2017-11-23,28.00,0.00 (0.00 %),400,28.0,28.00,28.00
2017-11-24,28.00,0.00 (0.00 %),0,28.00,28.00,28.00
2017-11-27,28.00,0.00 (0.00 %),1000,28.0,28.00,28.00
2017-11-28,28.00,0.00 (0.00 %),3100,28.00,28.00,28.00
2017-11-29,28.00,0.00 (0.00 %),10900,28.1,28.10,28.00
2017-11-30,28.00,0.00 (0.00 %),0,28.00,28.00,28.00
2017-12-01,28.00,0.00 (0.00 %),0,28.0,28.00,28.00
2017-12-04,28.00,0.00 (0.00 %),0,28.00,28.00,28.00
2017-12-05,28.00,0.00 (0.00 %),0,28.0,28.00,28.00
2017-12-06,28.00,0.00 (0.00 %),200,28.00,28.00,28.00
2017-12-07,28.50,1.00 (3.64 %),3500,28.5,28.50,28.50
2017-12-08,28.50,0.00 (0.00 %),0,28.50,28.50,28.50
2017-12-11,27.10,-1.40 (-4.91 %),300,27.1,27.10,27.10
2017-12-12,28.00,0.90 (3.32 %),2500,28.00,28.00,28.00
2017-12-13,28.00,0.00 (0.00 %),0,28.0,28.00,28.00
2017-12-14,28.00,0.00 (0.00 %),6300,28.00,28.00,28.00
2017-12-15,28.00,0.00 (0.00 %),2000,28.0,28.00,28.00
2017-12-18,28.00,0.00 (0.00 %),1500,27.80,28.00,27.80
2017-12-19,28.00,0.00 (0.00 %),0,28.0,28.00,28.00
2017-12-20,28.00,0.00 (0.00 %),0,28.00,28.00,28.00
2017-12-21,28.00,0.00 (0.00 %),0,28.0,28.00,28.00
2017-12-22,28.00,0.00 (0.00 %),0,28.00,28.00,28.00
2017-12-25,28.00,0.00 (0.00 %),100,28.0,28.00,28.00
2017-12-26,28.00,0.00 (0.00 %),100,28.00,28.00,28.00
2017-12-27,28.00,0.00 (0.00 %),0,28.0,28.00,28.00
2017-12-28,25.20,-2.80 (-10.00 %),700,26.60,26.60,25.20
2017-12-29,27.70,2.50 (9.92 %),500,26.0,27.70,26.00
2018-01-02,27.70,0.00 (0.00 %),0,27.70,27.70,27.70
2018-01-03,27.70,0.00 (0.00 %),0,27.7,27.70,27.70
2018-01-04,27.70,0.00 (0.00 %),0,27.70,27.70,27.70
2018-01-05,27.70,0.00 (0.00 %),0,27.7,27.70,27.70
2018-01-08,27.70,0.00 (0.00 %),110,27.70,27.70,27.70
2018-01-09,26.40,-1.30 (-4.69 %),800,26.4,26.50,26.40
2018-01-10,26.40,0.00 (0.00 %),0,26.40,26.40,26.40
2018-01-11,25.60,-0.80 (-3.03 %),1000,26.4,26.40,25.60
2018-01-12,25.60,0.00 (0.00 %),0,25.60,25.60,25.60
2018-01-15,25.60,0.00 (0.00 %),0,25.6,25.60,25.60
2018-01-16,25.60,0.00 (0.00 %),0,25.60,25.60,25.60
2018-01-17,25.60,0.00 (0.00 %),10,25.6,25.60,25.60
2018-01-18,25.60,0.00 (0.00 %),0,25.60,25.60,25.60
2018-01-19,25.60,0.00 (0.00 %),0,25.6,25.60,25.60
2018-01-22,25.60,0.00 (0.00 %),0,25.60,25.60,25.60
2018-01-23,25.60,0.00 (0.00 %),0,25.6,25.60,25.60
2018-01-24,26.00,0.40 (1.56 %),3000,26.00,26.00,26.00
2018-01-25,26.00,0.00 (0.00 %),0,26.0,26.00,26.00
2018-01-26,27.00,1.00 (3.85 %),500,27.00,27.00,27.00
2018-01-29,27.00,0.00 (0.00 %),0,27.0,27.00,27.00
2018-01-30,27.00,0.00 (0.00 %),0,27.00,27.00,27.00
2018-01-31,27.00,0.00 (0.00 %),0,27.0,27.00,27.00
2018-02-01,26.50,-0.50 (-1.85 %),600,26.50,26.60,26.50
2018-02-02,26.50,0.00 (0.00 %),0,26.5,26.50,26.50
2018-02-05,26.50,0.00 (0.00 %),0,26.50,26.50,26.50
2018-02-06,26.50,0.00 (0.00 %),0,26.5,26.50,26.50
2018-02-07,27.90,1.40 (5.28 %),500,25.30,27.90,25.30
2018-02-08,27.90,0.00 (0.00 %),0,27.9,27.90,27.90
2018-02-09,26.50,-1.40 (-5.02 %),1300,26.50,26.50,26.50
2018-02-12,26.50,0.00 (0.00 %),0,26.5,26.50,26.50
2018-02-13,27.00,0.50 (1.89 %),2000,26.50,27.00,26.50
2018-02-21,27.00,0.00 (0.00 %),0,27.0,27.00,27.00
2018-02-22,27.00,0.00 (0.00 %),500,27.00,27.00,27.00
2018-02-23,28.00,1.00 (3.70 %),4400,27.0,28.00,27.00
2018-02-26,27.50,-0.50 (-1.79 %),1000,27.50,27.50,27.50
2018-02-27,27.50,0.00 (0.00 %),6100,27.5,27.50,27.50
2018-02-28,27.50,0.00 (0.00 %),2500,27.50,27.50,27.50
2018-03-01,27.80,0.30 (1.09 %),300,27.8,27.80,27.80
2018-03-02,27.10,-0.70 (-2.52 %),2100,28.40,28.50,27.10
2018-03-05,27.10,0.00 (0.00 %),4,27.1,27.10,27.10
2018-03-06,27.50,0.40 (1.48 %),4131,27.00,27.50,25.50
2018-03-07,27.50,0.00 (0.00 %),0,27.5,27.50,27.50
2018-03-08,27.50,0.00 (0.00 %),0,27.50,27.50,27.50
2018-03-09,27.50,0.00 (0.00 %),0,27.5,27.50,27.50
2018-03-12,27.50,0.00 (0.00 %),5,27.50,27.50,27.50
2018-03-13,27.50,0.00 (0.00 %),1000,27.5,27.50,27.50
2018-03-14,27.50,0.00 (0.00 %),2100,27.50,27.50,27.50
2018-03-15,27.50,0.00 (0.00 %),0,27.5,27.50,27.50
2018-03-16,27.50,0.00 (0.00 %),0,27.50,27.50,27.50
2018-03-19,27.50,0.00 (0.00 %),500,27.5,27.50,27.50
2018-03-20,28.50,1.00 (3.64 %),4000,28.40,28.50,28.40
2018-03-21,27.10,-1.40 (-4.91 %),100,27.1,27.10,27.10
2018-03-22,27.10,0.00 (0.00 %),0,27.10,27.10,27.10
2018-03-23,27.10,0.00 (0.00 %),0,27.1,27.10,27.10
2018-03-26,27.50,0.40 (1.48 %),3800,28.50,29.80,25.90
2018-03-27,28.00,0.50 (1.82 %),600,28.0,28.00,28.00
2018-03-28,28.00,0.00 (0.00 %),200,28.00,28.00,28.00
2018-03-29,27.50,-0.50 (-1.79 %),700,27.5,27.50,27.50
2018-03-30,27.50,0.00 (0.00 %),0,27.50,27.50,27.50
2018-04-02,27.50,0.00 (0.00 %),0,27.5,27.50,27.50
2018-04-03,27.50,0.00 (0.00 %),0,27.50,27.50,27.50
2018-04-04,29.00,1.50 (5.45 %),200,26.2,29.00,26.20
2018-04-05,30.00,1.00 (3.45 %),5400,29.00,30.00,27.50
2018-04-06,30.00,0.00 (0.00 %),0,30.0,30.00,30.00
2018-04-09,28.60,-1.40 (-4.67 %),300,28.60,28.60,28.60
2018-04-10,28.60,0.00 (0.00 %),0,28.6,28.60,28.60
2018-04-11,30.00,1.40 (4.90 %),3700,29.60,30.00,27.60
2018-04-12,30.00,0.00 (0.00 %),0,30.0,30.00,30.00
2018-04-13,30.00,0.00 (0.00 %),0,30.00,30.00,30.00
2018-04-16,30.00,0.00 (0.00 %),0,30.0,30.00,30.00
2018-04-17,30.00,0.00 (0.00 %),0,30.00,30.00,30.00
2018-04-18,28.90,-1.10 (-3.67 %),500,30.0,30.00,28.90
2018-04-19,29.00,0.10 (0.35 %),1000,29.00,29.00,29.00
2018-04-20,29.00,0.00 (0.00 %),0,29.0,29.00,29.00
2018-04-23,29.00,0.00 (0.00 %),0,29.00,29.00,29.00
2018-04-24,27.60,-1.40 (-4.83 %),100,27.6,27.60,27.60
2018-04-26,27.60,0.00 (0.00 %),0,27.60,27.60,27.60
2018-04-27,27.60,0.00 (0.00 %),0,27.6,27.60,27.60
2018-05-02,27.60,0.00 (0.00 %),0,27.60,27.60,27.60
2018-05-03,27.10,-0.50 (-1.81 %),100,27.1,27.10,27.10
2018-05-04,27.10,0.00 (0.00 %),0,27.10,27.10,27.10
2018-05-07,27.30,0.20 (0.74 %),600,27.3,27.30,27.30
2018-05-08,27.30,0.00 (0.00 %),0,27.30,27.30,27.30
2018-05-09,27.30,0.00 (0.00 %),0,27.3,27.30,27.30
2018-05-10,27.30,0.00 (0.00 %),0,27.30,27.30,27.30
2018-05-11,27.10,0.00 (0.00 %),0,27.1,27.10,27.10
2018-05-14,27.10,0.00 (0.00 %),30,27.10,27.10,27.10
2018-05-15,27.00,-0.10 (-0.37 %),1000,27.0,27.00,27.00
2018-05-16,27.00,0.00 (0.00 %),400,27.00,27.00,27.00
2018-05-17,27.00,0.00 (0.00 %),0,27.0,27.00,27.00
2018-05-18,27.00,0.00 (0.00 %),0,27.00,27.00,27.00
2018-05-21,27.00,0.00 (0.00 %),0,27.0,27.00,27.00
2018-05-22,27.00,0.00 (0.00 %),0,27.00,27.00,27.00
2018-05-23,26.50,-0.50 (-1.85 %),500,26.5,26.50,26.50
2018-05-24,26.20,-0.30 (-1.13 %),100,26.20,26.20,26.20
2018-05-25,26.50,0.30 (1.15 %),500,26.5,26.50,26.50
2018-05-28,26.50,0.00 (0.00 %),0,26.50,26.50,26.50
2018-05-29,26.50,0.00 (0.00 %),0,26.5,26.50,26.50
2018-05-30,26.50,0.00 (0.00 %),0,26.50,26.50,26.50
2018-05-31,26.50,0.00 (0.00 %),0,26.5,26.50,26.50
2018-06-01,26.50,0.00 (0.00 %),0,26.50,26.50,26.50
2018-06-04,26.50,0.00 (0.00 %),0,26.5,26.50,26.50
2018-06-05,26.00,-0.50 (-1.89 %),300,26.00,26.00,26.00
2018-06-06,26.00,0.00 (0.00 %),0,26.0,26.00,26.00
2018-06-07,26.50,0.50 (1.92 %),500,26.50,26.50,26.50
2018-06-08,26.10,-0.40 (-1.51 %),1200,26.1,29.00,26.10
2018-06-11,26.20,0.10 (0.38 %),100,26.20,26.20,26.20
2018-06-12,26.20,0.00 (0.00 %),600,26.2,26.20,26.20
2018-06-13,26.20,0.00 (0.00 %),0,26.20,26.20,26.20
2018-06-14,26.20,0.00 (0.00 %),0,26.2,26.20,26.20
2018-06-15,26.20,0.00 (0.00 %),0,26.20,26.20,26.20
2018-06-18,25.00,-1.20 (-4.58 %),600,28.8,28.80,25.00
2018-06-19,23.70,-1.30 (-5.20 %),100,23.70,23.70,23.70
2018-06-20,24.50,0.80 (3.38 %),100,24.5,24.50,24.50
2018-06-21,26.10,1.60 (6.53 %),4100,25.00,26.90,24.60
2018-06-22,26.30,0.20 (0.77 %),900,26.2,28.00,26.20
2018-06-25,26.20,-0.10 (-0.38 %),700,26.20,26.20,26.20
2018-06-26,26.20,0.00 (0.00 %),1000,26.2,26.20,26.20
2018-06-27,26.20,0.00 (0.00 %),0,26.20,26.20,26.20
2018-06-28,26.20,0.00 (0.00 %),2,26.2,26.20,26.20
2018-06-29,28.80,2.60 (9.92 %),15400,28.00,28.80,25.10
2018-07-02,28.80,0.00 (0.00 %),0,28.8,28.80,28.80
2018-07-03,27.50,-1.30 (-4.51 %),700,27.50,27.50,27.50
2018-07-04,27.50,0.00 (0.00 %),0,27.5,27.50,27.50
2018-07-05,27.50,0.00 (0.00 %),0,27.50,27.50,27.50
2018-07-06,27.50,0.00 (0.00 %),0,27.5,27.50,27.50
2018-07-09,27.50,0.00 (0.00 %),0,27.50,27.50,27.50
2018-07-10,27.00,-0.50 (-1.82 %),700,27.0,27.00,27.00
2018-07-11,27.00,0.00 (0.00 %),0,27.00,27.00,27.00
2018-07-12,27.00,0.00 (0.00 %),0,27.0,27.00,27.00
2018-07-13,26.50,-0.50 (-1.85 %),300,26.50,26.50,26.50
2018-07-16,26.50,0.00 (0.00 %),0,26.5,26.50,26.50
2018-07-17,26.50,0.00 (0.00 %),0,26.50,26.50,26.50
2018-07-18,26.50,0.00 (0.00 %),500,26.5,26.50,26.50
2018-07-19,26.50,0.00 (0.00 %),0,26.50,26.50,26.50
2018-07-20,26.50,0.00 (0.00 %),0,26.5,26.50,26.50
2018-07-23,26.50,0.00 (0.00 %),0,26.50,26.50,26.50
2018-07-24,26.00,-0.50 (-1.89 %),500,26.0,26.00,26.00
2018-07-25,26.90,0.90 (3.46 %),100,26.90,26.90,26.90
2018-07-26,26.90,0.00 (0.00 %),0,26.9,26.90,26.90
2018-07-27,26.90,0.00 (0.00 %),0,26.90,26.90,26.90
2018-07-30,26.90,0.00 (0.00 %),0,26.9,26.90,26.90
2018-07-31,26.90,0.00 (0.00 %),0,26.90,26.90,26.90
2018-08-01,26.90,0.00 (0.00 %),0,26.9,26.90,26.90
2018-08-02,26.60,0.00 (0.00 %),0,26.60,26.60,26.60
2018-08-03,26.60,0.00 (0.00 %),0,26.6,26.60,26.60
2018-08-06,26.60,0.00 (0.00 %),0,26.60,26.60,26.60
2018-08-07,26.60,0.00 (0.00 %),0,26.6,26.60,26.60
2018-08-08,26.60,0.00 (0.00 %),0,26.60,26.60,26.60
2018-08-09,26.60,0.00 (0.00 %),10,26.6,26.60,26.60
2018-08-10,26.60,0.00 (0.00 %),0,26.60,26.60,26.60
2018-08-13,26.60,0.00 (0.00 %),0,26.6,26.60,26.60
2018-08-14,26.90,0.30 (1.13 %),1500,25.60,26.90,25.60
2018-08-15,26.90,0.00 (0.00 %),0,26.9,26.90,26.90
2018-08-16,26.50,-0.40 (-1.49 %),1500,26.50,26.50,26.50
2018-08-17,27.00,0.50 (1.89 %),500,27.0,27.00,27.00
2018-08-20,26.50,-0.50 (-1.85 %),500,26.50,26.50,26.50
2018-08-21,28.40,1.90 (7.17 %),352400,27.0,29.10,27.00
2018-08-22,28.40,0.00 (0.00 %),0,28.40,28.40,28.40
2018-08-23,29.00,0.60 (2.11 %),6400,28.4,29.00,28.40
2018-08-24,30.00,1.00 (3.45 %),8300,30.00,30.00,29.50
2018-08-27,30.00,0.00 (0.00 %),0,30.0,30.00,30.00
2018-08-28,30.00,0.00 (0.00 %),0,30.00,30.00,30.00
2018-08-29,30.00,0.00 (0.00 %),0,30.0,30.00,30.00
2018-08-30,30.50,0.50 (1.67 %),2600,29.90,30.50,29.90
2018-08-31,30.50,0.00 (0.00 %),0,30.5,30.50,30.50
2018-09-04,28.70,-1.80 (-5.90 %),100,28.70,28.70,28.70
2018-09-05,28.70,0.00 (0.00 %),0,28.7,28.70,28.70
2018-09-06,28.70,0.00 (0.00 %),10,28.70,28.70,28.70
2018-09-07,30.00,1.30 (4.53 %),200,30.0,30.00,30.00
2018-09-10,30.00,0.00 (0.00 %),0,30.00,30.00,30.00
2018-09-11,28.30,-1.70 (-5.67 %),100,28.3,28.30,28.30
2018-09-12,28.30,0.00 (0.00 %),0,28.30,28.30,28.30
2018-09-13,28.30,0.00 (0.00 %),0,28.3,28.30,28.30
2018-09-14,27.00,-1.30 (-4.59 %),100,27.00,27.00,27.00
2018-09-17,27.00,0.00 (0.00 %),870100,27.5,27.50,26.50
2018-09-18,27.00,0.00 (0.00 %),1000,27.00,27.00,27.00
2018-09-19,27.00,0.00 (0.00 %),200,27.0,27.00,27.00
2018-09-20,27.10,0.10 (0.37 %),4600,27.10,27.10,27.10
2018-09-21,27.10,0.00 (0.00 %),0,27.1,27.10,27.10
2018-09-24,27.10,0.00 (0.00 %),0,27.10,27.10,27.10
2018-09-25,27.10,0.00 (0.00 %),0,27.1,27.10,27.10
2018-09-26,27.10,0.00 (0.00 %),0,27.10,27.10,27.10
2018-09-27,25.10,-2.00 (-7.38 %),900,25.1,25.10,25.10
2018-09-28,25.10,0.00 (0.00 %),0,25.10,25.10,25.10
2018-10-01,25.50,0.40 (1.59 %),2700,26.0,26.00,25.50
2018-10-02,25.50,0.00 (0.00 %),7000,26.00,26.00,25.50
2018-10-03,25.50,0.00 (0.00 %),1200,25.5,25.50,25.50
2018-10-04,25.50,0.00 (0.00 %),0,25.50,25.50,25.50
2018-10-05,25.50,0.00 (0.00 %),2200,25.6,25.60,25.50
2018-10-08,25.50,0.00 (0.00 %),0,25.50,25.50,25.50
2018-10-09,25.60,0.10 (0.39 %),3400,25.6,25.60,25.50
2018-10-10,25.80,0.20 (0.78 %),5300,25.60,25.80,25.20
2018-10-11,25.80,0.00 (0.00 %),0,25.8,25.80,25.80
2018-10-12,25.50,-0.30 (-1.16 %),800,25.50,25.50,25.50
2018-10-15,25.60,0.10 (0.39 %),2600,25.6,25.60,25.60
2018-10-16,25.60,0.00 (0.00 %),0,25.60,25.60,25.60
2018-10-17,25.60,0.00 (0.00 %),0,25.6,25.60,25.60
2018-10-18,25.60,0.00 (0.00 %),500,25.60,25.60,25.60
2018-10-19,25.60,0.00 (0.00 %),0,25.6,25.60,25.60
2018-10-22,25.60,0.00 (0.00 %),0,25.60,25.60,25.60
2018-10-23,25.60,0.00 (0.00 %),0,25.6,25.60,25.60
2018-10-24,25.60,0.00 (0.00 %),0,25.60,25.60,25.60
2018-10-25,25.60,0.00 (0.00 %),100,25.6,25.60,25.60
2018-10-26,25.60,0.00 (0.00 %),700,25.60,25.60,25.60
2018-10-29,25.60,0.00 (0.00 %),0,25.6,25.60,25.60
2018-10-30,25.60,0.00 (0.00 %),0,25.60,25.60,25.60
2018-10-31,25.60,0.00 (0.00 %),0,25.6,25.60,25.60
2018-11-01,25.60,0.00 (0.00 %),0,25.60,25.60,25.60
2018-11-02,25.60,0.00 (0.00 %),0,25.6,25.60,25.60
2018-11-05,25.60,0.00 (0.00 %),0,25.60,25.60,25.60
2018-11-06,25.60,0.00 (0.00 %),0,25.6,25.60,25.60
2018-11-07,25.60,0.00 (0.00 %),700,25.60,25.60,25.60
2018-11-08,25.60,0.00 (0.00 %),600,25.6,25.60,25.60
2018-11-09,25.60,0.00 (0.00 %),0,25.60,25.60,25.60
2018-11-12,25.60,0.00 (0.00 %),0,25.6,25.60,25.60
2018-11-13,25.60,0.00 (0.00 %),0,25.60,25.60,25.60
2018-11-14,25.60,0.00 (0.00 %),0,25.6,25.60,25.60
2018-11-15,25.60,0.00 (0.00 %),0,25.60,25.60,25.60
2018-11-16,25.60,0.00 (0.00 %),500,25.6,25.60,25.60
2018-11-19,25.60,0.00 (0.00 %),0,25.60,25.60,25.60
2018-11-20,25.60,0.00 (0.00 %),0,25.6,25.60,25.60
2018-11-21,25.60,0.00 (0.00 %),0,25.60,25.60,25.60
2018-11-22,25.60,0.00 (0.00 %),0,25.6,25.60,25.60
2018-11-23,25.60,0.00 (0.00 %),0,25.60,25.60,25.60
2018-11-26,25.60,0.00 (0.00 %),0,25.6,25.60,25.60
2018-11-27,25.60,0.00 (0.00 %),0,25.60,25.60,25.60
2018-11-28,25.60,0.00 (0.00 %),0,25.6,25.60,25.60
2018-11-29,25.60,0.00 (0.00 %),0,25.60,25.60,25.60
2018-11-30,25.60,0.00 (0.00 %),0,25.6,25.60,25.60
2018-12-03,26.00,0.40 (1.56 %),1000,26.00,26.00,26.00
2018-12-04,25.60,-0.40 (-1.54 %),1000,25.6,25.60,25.60
2018-12-05,25.60,0.00 (0.00 %),0,25.60,25.60,25.60
2018-12-06,25.90,0.30 (1.17 %),2000,26.0,26.00,25.90
2018-12-07,25.90,0.00 (0.00 %),0,25.90,25.90,25.90
2018-12-10,25.90,0.00 (0.00 %),0,25.9,25.90,25.90
2018-12-11,25.90,0.00 (0.00 %),0,25.90,25.90,25.90
2018-12-12,25.90,0.00 (0.00 %),0,25.9,25.90,25.90
2018-12-13,25.90,0.00 (0.00 %),0,25.90,25.90,25.90
2018-12-14,25.00,-0.90 (-3.47 %),1100,24.6,25.00,24.60
2018-12-17,25.00,0.00 (0.00 %),0,25.00,25.00,25.00
2018-12-18,24.70,0.00 (0.00 %),0,24.7,24.70,24.70
2018-12-19,24.70,0.00 (0.00 %),0,24.70,24.70,24.70
2018-12-20,24.50,-0.20 (-0.81 %),1700,24.6,24.60,24.50
2018-12-21,24.50,0.00 (0.00 %),0,24.50,24.50,24.50
2018-12-24,24.30,-0.20 (-0.82 %),100,24.3,24.30,24.30
2018-12-25,24.00,-0.30 (-1.23 %),200,24.00,24.00,24.00
2018-12-26,24.00,0.00 (0.00 %),200,24.0,24.00,24.00
2018-12-27,24.00,0.00 (0.00 %),0,24.00,24.00,24.00
2018-12-28,24.00,0.00 (0.00 %),0,24.0,24.00,24.00
2019-01-02,24.00,0.00 (0.00 %),0,24.00,24.00,24.00
2019-01-03,24.00,0.00 (0.00 %),0,24.0,24.00,24.00
2019-01-04,24.00,0.00 (0.00 %),0,24.00,24.00,24.00
2019-01-07,24.00,0.00 (0.00 %),0,24.0,24.00,24.00
2019-01-08,24.00,0.00 (0.00 %),0,24.00,24.00,24.00
2019-01-09,24.00,0.00 (0.00 %),0,24.0,24.00,24.00
2019-01-10,24.00,0.00 (0.00 %),0,24.00,24.00,24.00
2019-01-11,25.00,1.00 (4.17 %),1000,25.0,25.00,25.00
2019-01-14,25.00,0.00 (0.00 %),0,25.00,25.00,25.00
2019-01-15,25.50,0.50 (2.00 %),400,25.5,25.50,25.50
2019-01-16,25.50,0.00 (0.00 %),4800,25.50,25.50,25.50
2019-01-17,25.50,0.00 (0.00 %),0,25.5,25.50,25.50
2019-01-18,25.50,0.00 (0.00 %),0,25.50,25.50,25.50
2019-01-21,25.50,0.00 (0.00 %),0,25.5,25.50,25.50
2019-01-22,25.00,-0.50 (-1.96 %),1100,25.00,25.00,25.00
2019-01-23,24.00,-1.00 (-4.00 %),1000,24.0,24.00,23.00
2019-01-24,24.00,0.00 (0.00 %),0,24.00,24.00,24.00
2019-01-25,24.00,0.00 (0.00 %),0,24.0,24.00,24.00
2019-01-28,24.00,0.00 (0.00 %),4000,23.60,24.00,23.60
2019-01-29,24.00,0.00 (0.00 %),0,24.0,24.00,24.00
2019-01-30,24.00,0.00 (0.00 %),0,24.00,24.00,24.00
2019-01-31,24.00,0.00 (0.00 %),0,24.0,24.00,24.00
2019-02-01,24.00,0.00 (0.00 %),0,24.00,24.00,24.00
2019-02-11,25.50,1.50 (6.25 %),3700,26.4,26.40,22.60
2019-02-12,25.50,0.00 (0.00 %),0,25.50,25.50,25.50
2019-02-13,26.60,1.10 (4.31 %),5000,26.8,28.00,25.10
2019-02-14,29.20,2.60 (9.77 %),6700,27.20,29.20,27.10
2019-02-15,29.50,0.30 (1.03 %),22900,29.8,31.80,29.50
2019-02-18,30.50,1.00 (3.39 %),1100,28.50,30.50,28.50
2019-02-19,31.20,0.70 (2.30 %),200,27.6,31.20,27.60
2019-02-20,31.20,0.00 (0.00 %),0,31.20,31.20,31.20
2019-02-21,31.20,0.00 (0.00 %),0,31.2,31.20,31.20
2019-02-22,31.20,0.00 (0.00 %),0,31.20,31.20,31.20
2019-02-25,31.20,0.00 (0.00 %),0,31.2,31.20,31.20
2019-02-26,31.20,0.00 (0.00 %),0,31.20,31.20,31.20
2019-02-27,31.20,0.00 (0.00 %),0,31.2,31.20,31.20
2019-02-28,31.20,0.00 (0.00 %),0,31.20,31.20,31.20
2019-03-01,31.20,0.00 (0.00 %),0,31.2,31.20,31.20
2019-03-04,31.20,0.00 (0.00 %),0,31.20,31.20,31.20
2019-03-05,31.20,0.00 (0.00 %),0,31.2,31.20,31.20
2019-03-06,28.10,-3.10 (-9.94 %),100,28.10,28.10,28.10
2019-03-07,28.10,0.00 (0.00 %),0,28.1,28.10,28.10
2019-03-08,28.60,0.50 (1.78 %),5800,30.90,30.90,28.10
2019-03-11,28.60,0.00 (0.00 %),0,28.6,28.60,28.60
2019-03-12,28.60,0.00 (0.00 %),0,28.60,28.60,28.60
2019-03-13,29.00,0.40 (1.40 %),6000,30.0,30.00,29.00
2019-03-14,29.00,0.00 (0.00 %),0,29.00,29.00,29.00
2019-03-15,29.00,0.00 (0.00 %),500,29.0,29.00,29.00
2019-03-18,29.00,0.00 (0.00 %),0,29.00,29.00,29.00
2019-03-19,30.00,1.00 (3.45 %),25600,30.0,31.90,28.10
2019-03-20,30.00,0.00 (0.00 %),0,30.00,30.00,30.00
2019-03-21,30.00,0.00 (0.00 %),0,30.0,30.00,30.00
2019-03-22,30.00,0.00 (0.00 %),0,30.00,30.00,30.00
2019-03-25,30.00,0.00 (0.00 %),0,30.0,30.00,30.00
2019-03-26,30.00,0.00 (0.00 %),10,30.00,30.00,30.00
2019-03-27,30.00,0.00 (0.00 %),0,30.0,30.00,30.00
2019-03-28,30.00,0.00 (0.00 %),0,30.00,30.00,30.00
2019-03-29,30.00,0.00 (0.00 %),0,30.0,30.00,30.00
2019-04-01,30.00,0.00 (0.00 %),0,30.00,30.00,30.00
2019-04-02,30.00,0.00 (0.00 %),0,30.0,30.00,30.00
2019-04-03,30.00,0.00 (0.00 %),6,30.00,30.00,30.00
2019-04-04,30.00,0.00 (0.00 %),0,30.0,30.00,30.00
2019-04-05,30.00,0.00 (0.00 %),3,30.00,30.00,30.00
2019-04-08,29.70,0.00 (0.00 %),6,29.7,29.70,29.70
2019-04-09,29.70,0.00 (0.00 %),0,29.70,29.70,29.70
2019-04-10,29.00,-0.70 (-2.36 %),1000,29.0,29.00,29.00
2019-04-11,29.00,0.00 (0.00 %),0,29.00,29.00,29.00
2019-04-12,29.00,0.00 (0.00 %),0,29.0,29.00,29.00
2019-04-16,29.00,0.00 (0.00 %),0,29.00,29.00,29.00
2019-04-17,29.00,0.00 (0.00 %),0,29.0,29.00,29.00
2019-04-18,29.00,0.00 (0.00 %),0,29.00,29.00,29.00
2019-04-19,29.00,0.00 (0.00 %),0,29.0,29.00,29.00
2019-04-22,29.00,0.00 (0.00 %),0,29.00,29.00,29.00
2019-04-23,29.00,0.00 (0.00 %),0,29.0,29.00,29.00
2019-04-24,29.00,0.00 (0.00 %),0,29.00,29.00,29.00
2019-04-25,29.00,0.00 (0.00 %),0,29.0,29.00,29.00
2019-04-26,29.00,0.00 (0.00 %),0,29.00,29.00,29.00
2019-05-02,29.00,0.00 (0.00 %),500,29.0,29.00,29.00
2019-05-03,29.00,0.00 (0.00 %),0,29.00,29.00,29.00
2019-05-06,29.00,0.00 (0.00 %),0,29.0,29.00,29.00
2019-05-07,31.90,2.90 (10.00 %),1100,31.00,31.90,31.00
2019-05-08,31.90,0.00 (0.00 %),0,31.9,31.90,31.90
2019-05-09,30.20,-1.70 (-5.33 %),100,30.20,30.20,30.20
2019-05-10,28.50,-1.70 (-5.63 %),100,28.5,28.50,28.50
2019-05-13,28.50,0.00 (0.00 %),0,28.50,28.50,28.50
2019-05-14,26.90,-1.60 (-5.61 %),100,26.9,26.90,26.90
2019-05-15,29.00,2.10 (7.81 %),500,29.00,29.00,29.00
2019-05-16,29.00,0.00 (0.00 %),0,29.0,29.00,29.00
2019-05-17,29.00,0.00 (0.00 %),0,29.00,29.00,29.00
2019-05-20,29.00,0.00 (0.00 %),0,29.0,29.00,29.00
2019-05-21,29.00,0.00 (0.00 %),0,29.00,29.00,29.00
2019-05-22,31.90,2.90 (10.00 %),110,31.9,31.90,31.90
2019-05-23,30.10,-1.80 (-5.64 %),100,30.10,30.10,30.10
2019-05-24,28.60,-1.50 (-4.98 %),100,28.6,28.60,28.60
2019-05-27,28.60,0.00 (0.00 %),0,28.60,28.60,28.60
2019-05-28,28.60,0.00 (0.00 %),0,28.6,28.60,28.60
2019-05-29,28.60,0.00 (0.00 %),0,28.60,28.60,28.60
2019-05-30,28.60,0.00 (0.00 %),0,28.6,28.60,28.60
2019-05-31,28.60,0.00 (0.00 %),0,28.60,28.60,28.60
2019-06-03,28.50,-0.10 (-0.35 %),1000,28.5,28.50,28.50
2019-06-04,28.20,0.00 (0.00 %),0,28.20,28.20,28.20
2019-06-05,28.20,0.00 (0.00 %),0,28.2,28.20,28.20
2019-06-06,28.20,0.00 (0.00 %),0,28.20,28.20,28.20
2019-06-07,28.20,0.00 (0.00 %),0,28.2,28.20,28.20
2019-06-10,28.20,0.00 (0.00 %),0,28.20,28.20,28.20
2019-06-11,29.00,0.80 (2.84 %),1000,28.0,29.00,28.00
2019-06-12,29.00,0.00 (0.00 %),0,29.00,29.00,29.00
2019-06-13,29.00,0.00 (0.00 %),0,29.0,29.00,29.00
2019-06-14,28.60,-0.40 (-1.38 %),500,28.60,28.60,28.60
2019-06-17,28.70,0.10 (0.35 %),1000,28.8,28.80,28.70
2019-06-18,28.70,0.00 (0.00 %),0,28.70,28.70,28.70
2019-06-19,28.70,0.00 (0.00 %),0,28.7,28.70,28.70
2019-06-20,28.70,0.00 (0.00 %),0,28.70,28.70,28.70
2019-06-21,28.70,0.00 (0.00 %),0,28.7,28.70,28.70
2019-06-24,28.70,0.00 (0.00 %),0,28.70,28.70,28.70
2019-06-25,28.70,0.00 (0.00 %),0,28.7,28.70,28.70
2019-06-26,28.70,0.00 (0.00 %),0,28.70,28.70,28.70
2019-06-27,28.70,0.00 (0.00 %),0,28.7,28.70,28.70
2019-06-28,28.70,0.00 (0.00 %),0,28.70,28.70,28.70
2019-07-01,28.70,0.00 (0.00 %),0,28.7,28.70,28.70
2019-07-02,28.70,0.00 (0.00 %),0,28.70,28.70,28.70
2019-07-03,29.00,0.30 (1.05 %),6000,29.0,29.00,29.00
2019-07-04,29.00,0.00 (0.00 %),100,29.00,29.00,29.00
2019-07-05,29.00,0.00 (0.00 %),0,29.0,29.00,29.00
2019-07-08,29.00,0.00 (0.00 %),0,29.00,29.00,29.00
2019-07-09,29.00,0.00 (0.00 %),0,29.0,29.00,29.00
2019-07-10,29.00,0.00 (0.00 %),0,29.00,29.00,29.00
2019-07-11,29.00,0.00 (0.00 %),0,29.0,29.00,29.00
2019-07-12,29.00,0.00 (0.00 %),0,29.00,29.00,29.00
2019-07-15,29.00,0.00 (0.00 %),0,29.0,29.00,29.00
2019-07-16,29.00,0.00 (0.00 %),0,29.00,29.00,29.00
2019-07-17,29.00,0.00 (0.00 %),0,29.0,29.00,29.00
2019-07-18,29.00,0.00 (0.00 %),0,29.00,29.00,29.00
2019-07-19,29.00,0.00 (0.00 %),0,29.0,29.00,29.00
2019-07-22,29.00,0.00 (0.00 %),0,29.00,29.00,29.00
2019-07-23,29.00,0.00 (0.00 %),0,29.0,29.00,29.00
2019-07-24,30.00,1.00 (3.45 %),2500,30.00,30.00,30.00
2019-07-25,30.00,0.00 (0.00 %),0,30.0,30.00,30.00
2019-07-26,30.00,0.00 (0.00 %),0,30.00,30.00,30.00
2019-07-29,32.50,2.50 (8.33 %),7900,30.0,32.80,30.00
2019-07-30,32.50,0.00 (0.00 %),0,32.50,32.50,32.50
2019-07-31,32.50,0.00 (0.00 %),0,32.5,32.50,32.50
2019-08-01,30.50,-2.00 (-6.15 %),3000,30.40,32.50,30.40
2019-08-02,30.50,0.00 (0.00 %),200,30.5,30.50,30.50
2019-08-05,29.50,-1.00 (-3.28 %),4290,29.50,29.50,29.50
2019-08-06,29.50,0.00 (0.00 %),0,29.5,29.50,29.50
2019-08-07,30.00,0.50 (1.69 %),1000,30.00,30.00,30.00
2019-08-08,30.00,0.00 (0.00 %),0,30.0,30.00,30.00
2019-08-09,30.00,0.00 (0.00 %),0,30.00,30.00,30.00
2019-08-12,30.00,0.00 (0.00 %),0,30.0,30.00,30.00
2019-08-13,30.00,0.00 (0.00 %),0,30.00,30.00,30.00
2019-08-14,30.00,0.00 (0.00 %),0,30.0,30.00,30.00
2019-08-15,29.40,0.00 (0.00 %),0,29.40,29.40,29.40
2019-08-16,29.40,0.00 (0.00 %),0,29.4,29.40,29.40
2019-08-19,29.40,0.00 (0.00 %),0,29.40,29.40,29.40
2019-08-20,29.40,0.00 (0.00 %),0,29.4,29.40,29.40
2019-08-21,29.50,0.10 (0.34 %),2600,29.50,29.50,29.50
2019-08-22,29.50,0.00 (0.00 %),0,29.5,29.50,29.50
2019-08-23,29.50,0.00 (0.00 %),0,29.50,29.50,29.50
2019-08-26,29.50,0.00 (0.00 %),0,29.5,29.50,29.50
2019-08-27,29.50,0.00 (0.00 %),0,29.50,29.50,29.50
2019-08-28,29.50,0.00 (0.00 %),0,29.5,29.50,29.50
2019-08-29,29.50,0.00 (0.00 %),3200,30.80,30.80,29.00
2019-08-30,29.50,0.00 (0.00 %),0,29.5,29.50,29.50
2019-09-03,29.50,0.00 (0.00 %),0,29.50,29.50,29.50
2019-09-04,27.60,-1.90 (-6.44 %),100,27.6,27.60,27.60
2019-09-05,28.50,0.90 (3.26 %),2000,28.50,28.50,28.50
2019-09-06,28.50,0.00 (0.00 %),0,28.5,28.50,28.50
2019-09-09,28.50,0.00 (0.00 %),0,28.50,28.50,28.50
2019-09-10,29.20,0.70 (2.46 %),100,29.2,29.20,29.20
2019-09-11,29.20,0.00 (0.00 %),0,29.20,29.20,29.20
2019-09-12,29.20,0.00 (0.00 %),0,29.2,29.20,29.20
2019-09-13,29.20,0.00 (0.00 %),0,29.20,29.20,29.20
2019-09-16,29.20,0.00 (0.00 %),0,29.2,29.20,29.20
2019-09-17,29.20,0.00 (0.00 %),0,29.20,29.20,29.20
2019-09-18,29.20,0.00 (0.00 %),0,29.2,29.20,29.20
2019-09-19,29.20,0.00 (0.00 %),0,29.20,29.20,29.20
2019-09-20,29.20,0.00 (0.00 %),0,29.2,29.20,29.20
2019-09-23,29.20,0.00 (0.00 %),1,29.20,29.20,29.20
2019-09-24,29.20,0.00 (0.00 %),0,29.2,29.20,29.20
2019-09-25,29.20,0.00 (0.00 %),0,29.20,29.20,29.20
2019-09-26,29.20,0.00 (0.00 %),0,29.2,29.20,29.20
2019-09-27,29.20,0.00 (0.00 %),0,29.20,29.20,29.20
2019-09-30,29.20,0.00 (0.00 %),0,29.2,29.20,29.20
2019-10-01,29.20,0.00 (0.00 %),0,29.20,29.20,29.20
2019-10-02,29.20,0.00 (0.00 %),0,29.2,29.20,29.20
2019-10-03,29.20,0.00 (0.00 %),0,29.20,29.20,29.20
2019-10-04,29.20,0.00 (0.00 %),0,29.2,29.20,29.20
2019-10-07,29.20,0.00 (0.00 %),0,29.20,29.20,29.20
2019-10-08,29.20,0.00 (0.00 %),10,29.2,29.20,29.20
2019-10-09,27.00,-2.20 (-7.53 %),4400,27.40,27.40,27.00
2019-10-10,26.70,-0.30 (-1.11 %),10000,27.1,27.10,26.70
2019-10-11,27.00,0.30 (1.12 %),3800,27.20,27.20,27.00
2019-10-14,27.00,0.00 (0.00 %),0,27.0,27.00,27.00
2019-10-15,27.00,0.00 (0.00 %),0,27.00,27.00,27.00
2019-10-16,27.00,0.00 (0.00 %),0,27.0,27.00,27.00
2019-10-17,27.10,0.10 (0.37 %),4000,27.10,27.10,27.10
2019-10-18,27.10,0.00 (0.00 %),0,27.1,27.10,27.10
2019-10-21,27.30,0.20 (0.74 %),1000,27.30,27.30,27.30
2019-10-22,27.30,0.00 (0.00 %),0,27.3,27.30,27.30
2019-10-23,27.30,0.00 (0.00 %),0,27.30,27.30,27.30
2019-10-24,27.30,0.00 (0.00 %),0,27.3,27.30,27.30
2019-10-25,26.50,-0.80 (-2.93 %),3500,27.00,27.00,26.50
2019-10-28,26.50,0.00 (0.00 %),0,26.5,26.50,26.50
2019-10-29,27.00,0.50 (1.89 %),5000,27.00,27.00,27.00
2019-10-30,27.00,0.00 (0.00 %),0,27.0,27.00,27.00
2019-10-31,27.00,0.00 (0.00 %),0,27.00,27.00,27.00
2019-11-01,27.00,0.00 (0.00 %),0,27.0,27.00,27.00
2019-11-04,27.00,0.00 (0.00 %),0,27.00,27.00,27.00
2019-11-05,27.00,0.00 (0.00 %),6600,27.0,27.00,25.20
2019-11-06,27.00,0.00 (0.00 %),0,27.00,27.00,27.00
2019-11-07,27.00,0.00 (0.00 %),0,27.0,27.00,27.00
2019-11-08,27.00,0.00 (0.00 %),0,27.00,27.00,27.00
2019-11-11,27.00,0.00 (0.00 %),0,27.0,27.00,27.00
2019-11-12,27.00,0.00 (0.00 %),0,27.00,27.00,27.00
2019-11-13,27.00,0.00 (0.00 %),0,27.0,27.00,27.00
2019-11-14,27.70,0.70 (2.59 %),100,27.70,27.70,27.70
2019-11-15,27.70,0.00 (0.00 %),0,27.7,27.70,27.70
2019-11-18,30.30,2.60 (9.39 %),100,30.30,30.30,30.30
2019-11-19,28.30,-1.70 (-5.67 %),100,28.3,28.30,28.30
2019-11-20,28.30,0.00 (0.00 %),0,28.30,28.30,28.30
2019-11-21,31.10,2.80 (9.89 %),100,31.1,31.10,31.10
2019-11-22,29.80,-1.30 (-4.18 %),200,28.00,29.80,28.00
2019-11-25,29.80,0.00 (0.00 %),0,29.8,29.80,29.80
2019-11-26,29.80,0.00 (0.00 %),0,29.80,29.80,29.80
2019-11-27,29.80,0.00 (0.00 %),0,29.8,29.80,29.80
2019-11-28,26.90,-2.90 (-9.73 %),200,29.80,29.80,26.90
2019-11-29,26.90,0.00 (0.00 %),0,26.9,26.90,26.90
2019-12-02,27.00,0.10 (0.37 %),500,27.00,27.00,27.00
2019-12-03,26.00,-1.00 (-3.70 %),100,26.0,26.00,26.00
2019-12-04,26.00,0.00 (0.00 %),0,26.00,26.00,26.00
2019-12-05,26.00,0.00 (0.00 %),5000,26.0,26.00,26.00
2019-12-06,26.00,0.00 (0.00 %),0,26.00,26.00,26.00
2019-12-09,26.00,0.00 (0.00 %),0,26.0,26.00,26.00
2019-12-10,26.00,0.00 (0.00 %),0,26.00,26.00,26.00
2019-12-11,26.00,0.00 (0.00 %),0,26.0,26.00,26.00
2019-12-12,26.00,0.00 (0.00 %),0,26.00,26.00,26.00
2019-12-13,26.00,0.00 (0.00 %),0,26.0,26.00,26.00
2019-12-16,26.00,0.00 (0.00 %),0,26.00,26.00,26.00
2019-12-17,26.00,0.00 (0.00 %),0,26.0,26.00,26.00
2019-12-18,27.00,1.00 (3.85 %),10000,25.50,27.00,25.50
2019-12-19,27.00,0.00 (0.00 %),0,27.0,27.00,27.00
2019-12-20,27.00,0.00 (0.00 %),0,27.00,27.00,27.00
2019-12-23,27.00,0.00 (0.00 %),0,27.0,27.00,27.00
2019-12-24,27.00,0.00 (0.00 %),0,27.00,27.00,27.00
2019-12-25,25.60,-1.40 (-5.19 %),3000,25.5,25.60,25.50
2019-12-26,25.60,0.00 (0.00 %),0,25.60,25.60,25.60
2019-12-27,25.60,0.00 (0.00 %),0,25.6,25.60,25.60
2019-12-30,25.60,0.00 (0.00 %),200,25.60,25.60,25.60
2019-12-31,25.60,0.00 (0.00 %),0,25.6,25.60,25.60
2020-01-02,25.60,0.00 (0.00 %),0,25.60,25.60,25.60
2020-01-03,25.60,0.00 (0.00 %),0,25.6,25.60,25.60
2020-01-06,25.60,0.00 (0.00 %),0,25.60,25.60,25.60
2020-01-07,25.60,0.00 (0.00 %),0,25.6,25.60,25.60
2020-01-08,25.60,0.00 (0.00 %),0,25.60,25.60,25.60
2020-01-09,25.60,0.00 (0.00 %),0,25.6,25.60,25.60
2020-01-10,23.60,-2.00 (-7.81 %),700,27.00,27.00,23.60
2020-01-13,23.60,0.00 (0.00 %),0,23.6,23.60,23.60
2020-01-14,25.10,1.50 (6.36 %),200,25.90,25.90,25.10
2020-01-15,25.10,0.00 (0.00 %),0,25.1,25.10,25.10
2020-01-16,25.10,0.00 (0.00 %),0,25.10,25.10,25.10
2020-01-17,25.10,0.00 (0.00 %),0,25.1,25.10,25.10
2020-01-20,25.10,0.00 (0.00 %),0,25.10,25.10,25.10
2020-01-21,25.10,0.00 (0.00 %),0,25.1,25.10,25.10
2020-01-22,25.10,0.00 (0.00 %),2200,27.60,27.60,22.60
2020-01-30,25.10,0.00 (0.00 %),0,25.1,25.10,25.10
2020-01-31,25.10,0.00 (0.00 %),0,25.10,25.10,25.10
2020-02-03,25.10,0.00 (0.00 %),0,25.1,25.10,25.10
2020-02-04,22.60,-2.50 (-9.96 %),700,22.60,22.60,22.60
2020-02-05,22.60,0.00 (0.00 %),0,22.6,22.60,22.60
2020-02-06,24.80,2.20 (9.73 %),100,24.80,24.80,24.80
2020-02-07,24.80,0.00 (0.00 %),0,24.8,24.80,24.80
2020-02-10,24.80,0.00 (0.00 %),0,24.80,24.80,24.80
2020-02-11,24.80,0.00 (0.00 %),0,24.8,24.80,24.80
2020-02-12,24.80,0.00 (0.00 %),0,24.80,24.80,24.80
2020-02-13,24.80,0.00 (0.00 %),0,24.8,24.80,24.80
2020-02-14,24.80,0.00 (0.00 %),0,24.80,24.80,24.80
2020-02-17,24.00,-0.80 (-3.23 %),100,24.0,24.00,24.00
2020-02-18,25.20,1.20 (5.00 %),100,25.20,25.20,25.20
2020-02-19,25.20,0.00 (0.00 %),0,25.2,25.20,25.20
2020-02-20,25.20,0.00 (0.00 %),0,25.20,25.20,25.20
2020-02-21,25.20,0.00 (0.00 %),0,25.2,25.20,25.20
2020-02-24,25.20,0.00 (0.00 %),0,25.20,25.20,25.20
2020-02-25,25.20,0.00 (0.00 %),0,25.2,25.20,25.20
2020-02-26,25.20,0.00 (0.00 %),0,25.20,25.20,25.20
2020-02-27,25.20,0.00 (0.00 %),0,25.2,25.20,25.20
2020-02-28,24.00,-1.20 (-4.76 %),600,25.00,25.00,24.00
2020-03-02,24.00,0.00 (0.00 %),0,24.0,24.00,24.00
2020-03-03,24.00,0.00 (0.00 %),500,24.00,24.00,24.00
2020-03-04,24.00,0.00 (0.00 %),0,24.0,24.00,24.00
2020-03-05,25.20,1.20 (5.00 %),600,25.20,25.20,25.20
2020-03-06,25.20,0.00 (0.00 %),0,25.2,25.20,25.20
2020-03-09,25.00,-0.20 (-0.79 %),100,25.00,25.00,25.00
2020-03-10,25.00,0.00 (0.00 %),0,25.0,25.00,25.00
2020-03-11,25.00,0.00 (0.00 %),0,25.00,25.00,25.00
2020-03-12,24.20,-0.80 (-3.20 %),200,23.8,24.20,23.80
2020-03-13,24.20,0.00 (0.00 %),6,24.20,24.20,24.20
2020-03-16,24.20,0.00 (0.00 %),0,24.2,24.20,24.20
2020-03-17,23.90,0.00 (0.00 %),0,23.90,23.90,23.90
2020-03-18,23.90,0.00 (0.00 %),0,23.9,23.90,23.90
2020-03-19,23.90,0.00 (0.00 %),0,23.90,23.90,23.90
2020-03-20,23.90,0.00 (0.00 %),0,23.9,23.90,23.90
2020-03-23,23.90,0.00 (0.00 %),0,23.90,23.90,23.90
2020-03-24,23.90,0.00 (0.00 %),0,23.9,23.90,23.90
2020-03-25,23.90,0.00 (0.00 %),0,23.90,23.90,23.90
2020-03-26,23.90,0.00 (0.00 %),0,23.9,23.90,23.90
2020-03-27,23.90,0.00 (0.00 %),0,23.90,23.90,23.90
2020-03-30,23.90,0.00 (0.00 %),0,23.9,23.90,23.90
2020-03-31,23.90,0.00 (0.00 %),0,23.90,23.90,23.90
2020-04-01,23.90,0.00 (0.00 %),0,23.9,23.90,23.90
2020-04-03,25.00,1.10 (4.60 %),8400,21.60,25.00,21.60
2020-04-06,25.00,0.00 (0.00 %),0,25.0,25.00,25.00
2020-04-07,25.00,0.00 (0.00 %),0,25.00,25.00,25.00
2020-04-08,25.00,0.00 (0.00 %),0,25.0,25.00,25.00
2020-04-09,25.00,0.00 (0.00 %),0,25.00,25.00,25.00
2020-04-10,25.00,0.00 (0.00 %),0,25.0,25.00,25.00
2020-04-13,23.20,-1.80 (-7.20 %),12900,27.20,27.50,22.80
2020-04-14,23.20,0.00 (0.00 %),0,23.2,23.20,23.20
2020-04-15,24.60,1.40 (6.03 %),2300,24.50,25.50,24.50
2020-04-16,24.10,-0.50 (-2.03 %),100,24.1,24.10,24.10
2020-04-17,24.10,0.00 (0.00 %),0,24.10,24.10,24.10
2020-04-20,24.10,0.00 (0.00 %),0,24.1,24.10,24.10
2020-04-21,23.10,-1.00 (-4.15 %),100,23.10,23.10,23.10
2020-04-22,23.10,0.00 (0.00 %),0,23.1,23.10,23.10
2020-04-23,23.10,0.00 (0.00 %),0,23.10,23.10,23.10
2020-04-24,25.20,2.10 (9.09 %),100,25.2,25.20,25.20
2020-04-27,25.20,0.00 (0.00 %),0,25.20,25.20,25.20
2020-04-28,25.20,0.00 (0.00 %),0,25.2,25.20,25.20
2020-04-29,25.20,0.00 (0.00 %),0,25.20,25.20,25.20
2020-05-04,25.20,0.00 (0.00 %),0,25.2,25.20,25.20
2020-05-05,25.20,0.00 (0.00 %),0,25.20,25.20,25.20
2020-05-06,25.20,0.00 (0.00 %),0,25.2,25.20,25.20
2020-05-07,24.10,-1.10 (-4.37 %),200,24.90,24.90,24.10
2020-05-08,24.10,0.00 (0.00 %),0,24.1,24.10,24.10
2020-05-11,24.10,0.00 (0.00 %),0,24.10,24.10,24.10
2020-05-12,24.00,-0.10 (-0.41 %),1000,24.0,24.00,24.00
2020-05-13,24.00,0.00 (0.00 %),0,24.00,24.00,24.00
2020-05-14,24.00,0.00 (0.00 %),0,24.0,24.00,24.00
2020-05-15,23.50,-0.50 (-2.08 %),1000,23.50,23.50,23.50
2020-05-18,23.50,0.00 (0.00 %),0,23.5,23.50,23.50
2020-05-19,23.50,0.00 (0.00 %),0,23.50,23.50,23.50
2020-05-20,23.50,0.00 (0.00 %),0,23.5,23.50,23.50
2020-05-21,23.50,0.00 (0.00 %),0,23.50,23.50,23.50
2020-05-22,23.50,0.00 (0.00 %),0,23.5,23.50,23.50
2020-05-25,23.50,0.00 (0.00 %),0,23.50,23.50,23.50
2020-05-26,23.50,0.00 (0.00 %),0,23.5,23.50,23.50
2020-05-27,23.50,0.00 (0.00 %),0,23.50,23.50,23.50
2020-05-28,23.50,0.00 (0.00 %),0,23.5,23.50,23.50
2020-05-29,23.50,0.00 (0.00 %),500,23.50,23.50,23.50
2020-06-01,25.60,2.10 (8.94 %),100,25.6,25.60,25.60
2020-06-02,25.30,-0.30 (-1.17 %),100,25.30,25.30,25.30
2020-06-03,23.90,-1.40 (-5.53 %),1000,23.9,23.90,23.90
2020-06-04,23.90,0.00 (0.00 %),0,23.90,23.90,23.90
2020-06-05,23.90,0.00 (0.00 %),0,23.9,23.90,23.90
2020-06-08,23.90,0.00 (0.00 %),0,23.90,23.90,23.90
2020-06-09,23.90,0.00 (0.00 %),0,23.9,23.90,23.90
2020-06-10,23.90,0.00 (0.00 %),0,23.90,23.90,23.90
2020-06-11,23.90,0.00 (0.00 %),0,23.9,23.90,23.90
2020-06-12,23.90,0.00 (0.00 %),0,23.90,23.90,23.90
2020-06-15,23.90,0.00 (0.00 %),0,23.9,23.90,23.90
2020-06-16,23.90,0.00 (0.00 %),0,23.90,23.90,23.90
2020-06-17,23.90,0.00 (0.00 %),0,23.9,23.90,23.90
2020-06-18,23.90,0.00 (0.00 %),0,23.90,23.90,23.90
2020-06-19,23.90,0.00 (0.00 %),0,23.9,23.90,23.90
2020-06-22,23.90,0.00 (0.00 %),0,23.90,23.90,23.90
2020-06-23,23.90,0.00 (0.00 %),0,23.9,23.90,23.90
2020-06-24,23.90,0.00 (0.00 %),1000,23.90,23.90,23.90
2020-06-25,23.90,0.00 (0.00 %),0,23.9,23.90,23.90
2020-06-26,22.10,-1.80 (-7.53 %),500,22.10,22.10,22.10
2020-06-29,24.30,2.20 (9.95 %),25000,24.0,24.30,22.10
2020-06-30,24.10,-0.20 (-0.82 %),3300,24.10,25.00,24.10
2020-07-01,24.10,0.00 (0.00 %),0,24.1,24.10,24.10
2020-07-02,24.10,0.00 (0.00 %),0,24.10,24.10,24.10
2020-07-03,26.00,1.90 (7.88 %),3400,26.0,26.00,26.00
2020-07-06,24.50,-1.50 (-5.77 %),2000,24.60,24.60,24.50
2020-07-07,24.50,0.00 (0.00 %),0,24.5,24.50,24.50
2020-07-08,24.50,0.00 (0.00 %),0,24.50,24.50,24.50
2020-07-09,26.40,1.90 (7.76 %),3300,26.0,26.50,24.60
2020-07-10,25.20,-1.20 (-4.55 %),100,25.20,25.20,25.20
2020-07-13,25.20,0.00 (0.00 %),0,25.2,25.20,25.20
2020-07-14,25.10,0.50 (2.03 %),2100,26.50,26.50,25.10
2020-07-15,27.00,1.90 (7.57 %),3000,26.0,27.00,26.00
2020-07-16,27.00,0.00 (0.00 %),0,27.00,27.00,27.00
2020-07-17,26.50,-0.50 (-1.85 %),700,26.5,26.50,26.50
2020-07-20,26.50,0.00 (0.00 %),2,26.50,26.50,26.50
2020-07-21,24.10,-2.40 (-9.06 %),100,24.1,24.10,24.10
2020-07-22,24.10,0.00 (0.00 %),0,24.10,24.10,24.10
2020-07-23,24.10,0.00 (0.00 %),0,24.1,24.10,24.10
2020-07-24,24.10,0.00 (0.00 %),0,24.10,24.10,24.10
2020-07-27,24.10,0.00 (0.00 %),0,24.1,24.10,24.10
2020-07-28,24.10,0.00 (0.00 %),0,24.10,24.10,24.10
2020-07-29,24.10,0.00 (0.00 %),0,24.1,24.10,24.10
2020-07-30,24.10,0.00 (0.00 %),0,24.10,24.10,24.10
2020-07-31,24.10,0.00 (0.00 %),0,24.1,24.10,24.10
2020-08-03,24.10,0.00 (0.00 %),0,24.10,24.10,24.10
2020-08-04,24.70,0.60 (2.49 %),10400,23.6,26.00,23.60
2020-08-05,24.70,0.00 (0.00 %),0,24.70,24.70,24.70
2020-08-06,24.70,0.00 (0.00 %),0,24.7,24.70,24.70
2020-08-07,24.70,0.00 (0.00 %),0,24.70,24.70,24.70
2020-08-10,24.70,0.00 (0.00 %),0,24.7,24.70,24.70
2020-08-11,24.70,0.00 (0.00 %),0,24.70,24.70,24.70
2020-08-12,24.70,0.00 (0.00 %),0,24.7,24.70,24.70
2020-08-13,24.70,0.00 (0.00 %),0,24.70,24.70,24.70
2020-08-14,24.70,0.00 (0.00 %),0,24.7,24.70,24.70
2020-08-17,24.70,0.00 (0.00 %),0,24.70,24.70,24.70
2020-08-18,24.70,0.00 (0.00 %),0,24.7,24.70,24.70
2020-08-19,24.00,-0.70 (-2.83 %),100,24.00,24.00,24.00
2020-08-20,24.00,0.00 (0.00 %),0,24.0,24.00,24.00
2020-08-21,25.00,1.00 (4.17 %),2700,23.90,25.00,23.50
2020-08-24,27.50,2.50 (10.00 %),17000,26.0,27.50,26.00
2020-08-25,28.00,0.50 (1.82 %),2600,27.00,28.00,26.10
2020-08-26,28.00,0.00 (0.00 %),0,28.0,28.00,28.00
2020-08-27,27.00,-1.00 (-3.57 %),200,27.00,27.00,27.00
2020-08-28,27.00,0.00 (0.00 %),0,27.0,27.00,27.00
2020-08-31,27.00,0.00 (0.00 %),0,27.00,27.00,27.00
2020-09-01,27.00,0.00 (0.00 %),0,27.0,27.00,27.00
2020-09-03,27.00,0.00 (0.00 %),0,27.00,27.00,27.00
2020-09-04,25.10,-1.90 (-7.04 %),100,25.1,25.10,25.10
2020-09-07,27.60,2.50 (9.96 %),2100,27.60,27.60,27.60
2020-09-08,28.00,0.40 (1.45 %),200,28.4,28.40,28.00
2020-09-09,28.10,0.10 (0.36 %),6400,28.00,28.10,28.00
2020-09-10,28.90,0.80 (2.85 %),2700,28.3,28.90,28.20
2020-09-11,29.30,0.40 (1.38 %),9900,29.20,29.40,29.00
2020-09-14,29.30,0.00 (0.00 %),0,29.3,29.30,29.30
2020-09-15,29.30,0.00 (0.00 %),500,29.30,29.30,29.30
2020-09-16,29.30,0.00 (0.00 %),2800,29.3,29.30,29.30
2020-09-17,29.30,0.00 (0.00 %),3400,29.30,29.40,29.30
2020-09-18,29.00,-0.30 (-1.02 %),1200,29.3,29.30,29.00
2020-09-21,28.00,-1.00 (-3.45 %),500,28.00,28.00,28.00
2020-09-22,28.00,0.00 (0.00 %),0,28.0,28.00,28.00
2020-09-23,28.00,0.00 (0.00 %),0,28.00,28.00,28.00
2020-09-24,28.50,0.50 (1.79 %),200,27.4,28.50,27.40
2020-09-25,28.50,0.00 (0.00 %),0,28.50,28.50,28.50
2020-09-28,28.50,0.00 (0.00 %),0,28.5,28.50,28.50
2020-09-29,28.50,0.00 (0.00 %),0,28.50,28.50,28.50
2020-09-30,28.50,0.00 (0.00 %),0,28.5,28.50,28.50
2020-10-01,28.50,0.00 (0.00 %),0,28.50,28.50,28.50
2020-10-02,28.50,0.00 (0.00 %),0,28.5,28.50,28.50
2020-10-05,28.50,0.00 (0.00 %),0,28.50,28.50,28.50
2020-10-06,28.50,0.00 (0.00 %),0,28.5,28.50,28.50
2020-10-07,28.50,0.00 (0.00 %),0,28.50,28.50,28.50
2020-10-08,27.40,-1.10 (-3.86 %),100,27.4,27.40,27.40
2020-10-09,27.40,0.00 (0.00 %),0,27.40,27.40,27.40
2020-10-12,28.00,0.60 (2.19 %),100,28.0,28.00,28.00
2020-10-13,29.50,1.50 (5.36 %),100,29.50,29.50,29.50
2020-10-14,29.50,0.00 (0.00 %),0,29.5,29.50,29.50
2020-10-15,29.50,0.00 (0.00 %),0,29.50,29.50,29.50
2020-10-16,29.50,0.00 (0.00 %),0,29.5,29.50,29.50
2020-10-19,29.50,0.00 (0.00 %),0,29.50,29.50,29.50
2020-10-20,29.50,0.00 (0.00 %),0,29.5,29.50,29.50
2020-10-21,29.50,0.00 (0.00 %),0,29.50,29.50,29.50
2020-10-22,29.50,0.00 (0.00 %),0,29.5,29.50,29.50
2020-10-23,28.50,-1.00 (-3.39 %),1000,28.50,28.50,28.50
2020-10-26,28.20,-0.30 (-1.05 %),600,26.5,28.20,26.50
2020-10-27,28.20,0.00 (0.00 %),0,28.20,28.20,28.20
2020-10-28,28.20,0.00 (0.00 %),0,28.2,28.20,28.20
2020-10-29,28.20,0.00 (0.00 %),0,28.20,28.20,28.20
2020-10-30,27.40,-0.80 (-2.84 %),100,27.4,27.40,27.40
2020-11-02,26.00,-1.40 (-5.11 %),100,26.00,26.00,26.00
2020-11-03,28.60,2.60 (10.00 %),800,28.2,28.60,28.20
2020-11-04,28.50,-0.10 (-0.35 %),600,26.00,29.20,26.00
2020-11-05,28.10,-0.40 (-1.40 %),2200,28.1,29.50,28.10
2020-11-06,28.10,0.00 (0.00 %),0,28.10,28.10,28.10
2020-11-09,28.10,0.00 (0.00 %),0,28.1,28.10,28.10
2020-11-10,29.00,0.90 (3.20 %),2000,29.00,29.00,29.00
2020-11-11,29.00,0.00 (0.00 %),1000,29.0,29.00,29.00
2020-11-12,29.00,0.00 (0.00 %),1600,27.40,29.00,27.40
2020-11-13,29.50,0.50 (1.72 %),2000,29.5,29.50,29.50
2020-11-16,29.50,0.00 (0.00 %),0,29.50,29.50,29.50
2020-11-17,29.50,0.00 (0.00 %),3000,29.5,29.50,29.50
2020-11-18,29.50,0.00 (0.00 %),0,29.50,29.50,29.50
2020-11-19,29.50,0.00 (0.00 %),2000,29.7,29.70,29.50
2020-11-20,30.00,0.80 (2.74 %),3100,30.00,30.00,30.00
2020-11-23,30.00,0.00 (0.00 %),0,30.0,30.00,30.00
2020-11-24,29.50,-0.50 (-1.67 %),700,29.50,29.50,29.50
2020-11-25,29.50,0.00 (0.00 %),0,29.5,29.50,29.50
2020-11-26,30.40,0.90 (3.05 %),100,30.40,30.40,30.40
2020-11-27,30.40,0.00 (0.00 %),500,30.4,30.40,30.40
2020-11-30,29.50,-0.90 (-2.96 %),100,29.50,29.50,29.50
2020-12-01,30.00,0.50 (1.69 %),1400,29.5,30.00,29.50
2020-12-02,30.00,0.00 (0.00 %),0,30.00,30.00,30.00
2020-12-03,29.00,-1.00 (-3.33 %),1500,28.0,30.50,27.20
2020-12-04,29.00,0.00 (0.00 %),0,29.00,29.00,29.00
2020-12-07,29.50,0.50 (1.72 %),2000,29.5,29.50,29.50
2020-12-08,29.50,0.00 (0.00 %),100,29.50,29.50,29.50
2020-12-09,29.50,0.00 (0.00 %),0,29.5,29.50,29.50
2020-12-10,29.50,0.00 (0.00 %),0,29.50,29.50,29.50
2020-12-11,29.50,0.00 (0.00 %),0,29.5,29.50,29.50
2020-12-14,29.50,0.00 (0.00 %),0,29.50,29.50,29.50
2020-12-15,28.00,-1.50 (-5.08 %),100,28.0,28.00,28.00
2020-12-16,28.00,0.00 (0.00 %),0,28.00,28.00,28.00
2020-12-17,28.00,0.00 (0.00 %),0,28.0,28.00,28.00
2020-12-18,28.00,0.00 (0.00 %),0,28.00,28.00,28.00
2020-12-21,28.00,0.00 (0.00 %),0,28.0,28.00,28.00
2020-12-22,28.00,0.00 (0.00 %),0,28.00,28.00,28.00
2020-12-23,28.00,0.00 (0.00 %),5000,27.9,28.00,27.90
2020-12-24,28.50,0.50 (1.79 %),12400,28.00,28.50,27.70
2020-12-25,29.50,1.00 (3.51 %),9500,29.5,29.50,28.10
2020-12-28,29.50,0.00 (0.00 %),0,29.50,29.50,29.50
2020-12-29,29.50,0.00 (0.00 %),0,29.5,29.50,29.50
2020-12-30,29.50,0.00 (0.00 %),0,29.50,29.50,29.50
2020-12-31,29.50,0.00 (0.00 %),0,29.5,29.50,29.50
2021-01-04,29.50,0.00 (0.00 %),0,29.50,29.50,29.50
2021-01-05,29.50,0.00 (0.00 %),0,29.5,29.50,29.50
2021-01-06,31.00,1.50 (5.08 %),2000,31.00,31.00,31.00
2021-01-07,31.00,0.00 (0.00 %),0,31.0,31.00,31.00
2021-01-08,31.00,0.00 (0.00 %),7800,31.00,31.00,31.00
2021-01-11,32.00,1.00 (3.23 %),200,32.0,32.00,32.00
2021-01-12,32.00,0.00 (0.00 %),0,32.00,32.00,32.00
2021-01-13,32.00,0.00 (0.00 %),500,32.0,32.00,32.00
2021-01-14,32.00,0.00 (0.00 %),100,32.00,32.00,32.00
2021-01-15,32.00,0.00 (0.00 %),0,32.0,32.00,32.00
2021-01-18,32.50,0.50 (1.56 %),100,32.50,32.50,32.50
2021-01-19,32.50,0.00 (0.00 %),0,32.5,32.50,32.50
2021-01-20,32.50,0.00 (0.00 %),0,32.50,32.50,32.50
2021-01-21,32.20,0.00 (0.00 %),0,32.2,32.20,32.20
2021-01-22,29.90,-2.30 (-7.14 %),100,29.90,29.90,29.90
2021-01-25,30.00,0.10 (0.33 %),1000,30.0,30.00,30.00
2021-01-26,30.00,0.00 (0.00 %),2600,30.10,30.10,30.00
2021-01-27,30.00,0.00 (0.00 %),0,30.0,30.00,30.00
2021-01-28,30.00,0.00 (0.00 %),0,30.00,30.00,30.00
2021-01-29,28.10,-1.90 (-6.33 %),100,28.1,28.10,28.10
2021-02-01,28.10,0.00 (0.00 %),0,28.10,28.10,28.10
2021-02-02,30.00,1.90 (6.76 %),1200,27.4,30.70,27.40
2021-02-03,30.00,0.00 (0.00 %),0,30.00,30.00,30.00
2021-02-04,30.00,0.00 (0.00 %),0,30.0,30.00,30.00
2021-02-05,30.00,0.00 (0.00 %),0,30.00,30.00,30.00
2021-02-08,31.50,1.50 (5.00 %),100,31.5,31.50,31.50
2021-02-09,31.50,0.00 (0.00 %),0,31.50,31.50,31.50
2021-02-17,31.50,0.00 (0.00 %),0,31.5,31.50,31.50
2021-02-18,30.00,-1.50 (-4.76 %),100,30.00,30.00,30.00
2021-02-19,30.00,0.00 (0.00 %),0,30.0,30.00,30.00
2021-02-22,30.00,0.00 (0.00 %),4200,30.00,30.00,30.00
2021-02-23,30.00,0.00 (0.00 %),10001,30.0,30.00,30.00
2021-02-24,30.00,0.00 (0.00 %),89,30.00,30.00,30.00
2021-02-25,30.00,0.00 (0.00 %),0,30.0,30.00,30.00
2021-02-26,30.00,0.00 (0.00 %),0,30.00,30.00,30.00
2021-03-01,30.00,0.00 (0.00 %),2,30.0,30.00,30.00
2021-03-02,30.00,0.00 (0.00 %),38,30.00,30.00,30.00
